01.12.2013	345578	0	20974	6%	182939	141665	40,99%	20307	1985	415	45
02.12.2013	1138734	0	74835	7%	731596	332303	29,18%	50266	5816	1370	163
03.12.2013	1176632	0	66549	6%	788378	321705	27,34%	50954	6311	1488	161
04.12.2013	1141585	0	63311	6%	771627	306647	26,86%	48107	6062	1453	180
05.12.2013	1133610	0	61565	5%	769826	302219	26,66%	47447	6180	1618	193
06.12.2013	1273610	0	64114	5%	876803	332693	26,12%	54061	7211	1836	185
07.12.2013	812264	0	37039	5%	549941	225284	27,74%	36488	4761	1181	147
09.12.2013	1421599	0	78162	5%	978410	365027	25,68%	61077	8057	1749	189
10.12.2013	1358767	0	74797	6%	943196	340774	25,08%	55010	7043	1638	192
11.12.2013	1363623	0	71534	5%	955391	336698	24,69%	54267	7153	1682	215
12.12.2013	1364613	0	70097	5%	957265	337251	24,71%	54660	7414	1721	187
13.12.2013	1373337	0	74268	5%	963232	335837	24,45%	51596	6400	1605	201
14.12.2013	708954	0	38186	5%	465616	205152	28,94%	30621	3796	945	142
15.12.2013	350170	0	16932	5%	206442	126796	36,21%	17460	1894	424	61
16.12.2013	911666	0	133156	15%	498331	280179	30,73%	39896	3449	733	97
17.12.2013	774617	0	141544	18%	378349	254724	32,88%	36816	3255	766	116
18.12.2013	1234135	0	81181	7%	827954	325000	26,33%	49342	5118	1882	166
19.12.2013	1234731	0	74890	6%	838130	321711	26,06%	46394	5452	1339	198
20.12.2013	1395080	0	78751	6%	978321	338008	24,23%	47913	5358	1266	174
21.12.2013	877681	0	39773	5%	612385	225523	25,70%	32376	3677	875	135
22.12.2013	418143	0	17485	4%	260825	139833	33,44%	19306	2052	499	66
23.12.2013	1525693	0	99305	7%	1055102	371286	24,34%	50510	4704	1085	141
24.12.2013	1556902	0	104802	7%	1079950	372150	23,90%	49099	4575	1083	126
25.12.2013	1536435	0	94934	6%	1061759	379742	24,72%	54817	6030	1465	203
26.12.2013	1063522	0	94121	9%	665726	303675	28,55%	42811	4190	977	129
27.12.2013	1090313	0	95640	9%	679396	315277	28,92%	45980	4881	1146	151
28.12.2013	615207	0	53457	9%	359907	201843	32,81%	28581	2918	660	92
29.12.2013	317192	0	22167	7%	170921	124104	39,13%	17122	1709	364	49
30.12.2013	1141041	0	92475	8%	693290	355276	31,14%	56249	6650	1499	196
31.12.2013	848948	0	62266	7%	512665	274017	32,28%	40730	4144	922	103
01.01.2014	99505	0	5965	6%	47041	46499	46,73%	6244	554	138	22
02.01.2014	457842	0	32813	7%	276574	148455	32,42%	20202	1874	429	50
03.01.2014	730078	0	56402	8%	470097	203579	27,88%	27136	2584	587	108
04.01.2014	425496	0	43309	10%	240711	141476	33,25%	18229	1451	292	51
05.01.2014	295052	0	16860	6%	168156	110036	37,29%	15263	1845	434	46
06.01.2014	370352	0	29182	8%	201982	139188	37,58%	18829	1848	398	45
07.01.2014	182507	0	12105	7%	88816	81586	44,70%	10340	891	192	26
08.01.2014	975819	0	85208	9%	617015	273596	28,04%	37548	3671	884	126
09.01.2014	1173973	0	67708	6%	813688	292577	24,92%	40596	4383	976	149
10.01.2014	1131807	0	66955	6%	780134	284718	25,16%	39478	4427	1032	157
11.01.2014	763586	0	39625	5%	524280	199681	26,15%	26553	2833	681	132
12.01.2014	327080	0	14917	5%	194625	117538	35,94%	15358	1622	399	64
13.01.2014	1206627	0	79161	7%	816355	311111	25,78%	42894	4603	1059	167
14.01.2014	1127295	0	71676	6%	765644	289975	25,72%	40057	4349	1015	134
15.01.2014	1240820	0	72969	6%	861886	305965	24,66%	42600	4789	1140	172
19.01.2014	323 130	0	14 123	4%	195 421	113 586	35,15%	14814	1673	419	73
20.01.2014	1 357 938	0	76 752	6%	950 363	330 823	24,36%	48393	5860	1394	185
21.01.2014	1 393 616	0	65 519	5%	997 837	330 260	23,70%	47754	6057	1576	218
22.01.2014	1 386 500	0	67 524	5%	1 007 764	311 212	22,45%	43205	4454	1009	136
23.01.2014	1 506 745	0	68 840	5%	1 113 582	324 323	21,52%	44916	4453	1051	139
24.01.2014	1 667 476	0	70 444	4%	1 241 870	355 162	21,30%	49990	5011	1104	133
25.01.2014	976 465	0	39 024	4%	698 122	239 319	24,51%	34992	3828	890	123
26.01.2014	322 468	0	12 312	4%	192 196	117 960	36,58%	15990	1849	457	81
27.01.2014	1 102 072	0	66 619	6%	729 767	305 686	27,74%	44664	5665	1459	192
28.01.2014	983 225	0	61 693	6%	652 237	269 295	27,39%	35973	3873	905	144
29.01.2014	891 683	0	55 241	6%	588 038	248 404	27,86%	33226	3471	827	138
30.01.2014	991 726	0	60 337	6%	555 493	236 974	23,90%	31844	3346	722	101
31.01.2014	991 726	0	60 337	6%	648 684	282 705	28,51%	39884	4500	1114	144
01.02.2014	648 170	0	35 686	6%	396 174	216 310	33,37%	31789	3631	905	132
02.02.2014	313 877	0	15 372	5%	176 153	122 352	38,98%	16037	1716	438	72
03.02.2014	1 124 458	0	73 160	7%	735 495	315 803	28,08%	43647	4586	1085	165
04.02.2014	1 064 723	0	67 987	6%	703 576	293 160	27,53%	39832	4347	1075	171
05.02.2014	1 032 115	0	65 354	6%	682 121	284 640	27,58%	39118	4572	1165	204
06.02.2014	1 110 071	0	63 363	6%	691 666	355 042	31,98%	60788	14814	4893	722
07.02.2014	1 163 956	0	70 286	6%	779 543	314 127	26,99%	44232	5500	1407	215
08.02.2014	440 459	0	170 152	39%	162 471	107 836	24,48%	12344	856	184	23
09.02.2014	210 038	0	87 786	42%	66 345	55 907	26,62%	6392	446	71	11
10.02.2014	743865	0	281126	38%	276175	186564	25,08%	22379	1715	394	59
11.02.2014	743175	0	275657	37%	284020	183498	24,69%	21736	1685	439	67
12.02.2014	694940	0	257640	37%	268754	168546	24,25%	19936	1540	372	70
13.02.2014	685271	0	257678	38%	260687	166906	24,36%	19103	1483	365	62
14.02.2014	714566	0	272377	38%	275247	166942	23,36%	19358	1565	393	64
15.02.2014	412529	0	160990	39%	154659	96880	23,48%	11039	798	185	32
16.02.2014	224175	0	92398	41%	74756	57021	25,44%	6365	460	107	24
17.02.2014	807 181	0	310 252	38%	308 852	188 077	23,30%	22603	1773	412	57
18.02.2014	750423	0	287868	38%	288588	173 967	23,18%	20509	1678	407	63
19.02.2014	733270	0	282669	39%	291164	159437	21,74%	19236	1741	459	59
20.02.2014	710457	0	290770	41%	284604	135083	19,01%	16453	1516	414	68
21.02.2014	729423	0	300748	41%	295619	133056	18,24%	15564	1198	312	47
22.02.2014	328991	0	122649	37%	134650	71692	21,79%	9250	1042	260	40
23.02.2014	240921	0	97441	40%	91041	52439	21,77%	6076	635	146	21
24.02.2014	1247799	0	448855	36%	615757	183187	14,68%	24740	3611	1208	247
25.02.2014	1123380	0	391877	35%	533171	198332	17,65%	25586	2888	721	111
26.02.2014	755461	0	256721	34%	340444	158296	20,95%	19360	2180	563	82
27.02.2014	758627	0	265461	35%	353335	139831	18,43%	18020	2084	553	82
28.02.2014	818353	0	281526	34%	361021	175806	21,48%	22883	3502	1217	218
01.03.2014	463315	0	177709	38%	187278	98328	21,22%	12913	1915	647	125
02.03.2014	229319	0	104987	46%	79431	44901	19,58%	6380	1088	386	74
04.03.2014	706 502	0	246448	35%	302197	157857	22,34%	19527	2543	817	126
05.03.2014	679 268	0	236161	35%	290307	152800	22,49%	18683	2399	747	134
06.03.2014	653 651	0	226958	35%	292694	133999	20,50%	16807	2216	670	85
07.03.2014	826 607	0	266520	32%	394839	165248	19,99%	21634	3485	965	169
08.03.2014	707 677	0	75422	11%	517131	115124	16,27%	26128	8128	2064	221
09.03.2014	548 906	0	29305	5%	422112	97489	17,76%	22550	7497	2138	188
10.03.2014	996 847	0	43741	4%	790466	162640	16,32%	35798	11759	3300	405
11.03.2014	2 070 355	0	121198	6%	1833043	293476	14,18%	51854	17483	4313	393
12.03.2014	2 570 355	0	131198	5%	2133043	306114	11,91%	61854	22483	5313	593
13.03.2014	2 241 688	0	124804	6%	1847766	269118	12,01%	53908	19965	5203	617
14.03.2014	2 507 068	0	97893	4%	2130336	278839	11,12%
15.03.2014	2 400 714	0	86430	4%	2028172	286112	11,92%
16.03.2014	3 402 136	0	47304	1%	2835473	519359	15,27%
17.03.2014	1 092 521	0	51236	5%	902006	139279	12,75%
18.03.2014	558 324	0	39716	7%	431264	87344	15,64%
22.04.2014	2 686 943	0	94046	4%	2367445	225452	8,39%
23.04.2014	3 131 203	0	130987	4%	2705669	294547	9,41%
24.04.2014	3 628 357	0	99733	3%	3170352	358272	9,87%
25.04.2014	3 130 403	0	122539	4%	2699085	308779	9,86%
26.04.2014	1 083 994	0	64738	6%	883143	136113	12,56%
27.04.2014	466 138	0	43633	9%	350977	71528	15,34%
28.04.2014	1 881 509	0	113346	6%	1547465	220698	11,73%
29.04.2014	1 998 241	0	121232	6%	1642010	234999	11,76%
30.04.2014	2 321 844	0	135023	6%	1896865	289956	12,49%
01.05.2014	653 246	0	66955	10%	480833	105458	16,14%
02.05.2014	549 829	0	51105	9%	410254	88470	16,09%
03.05.2014	798 177	0	57100	7%	626694	114383	14,33%
04.05.2014	466 636	0	49215	11%	343306	74115	15,88%
05.05.2014	2 073 785	0	102719	5%	1733254	237812	11,47%
06.05.2014	1 846 744	0	103397	6%	1541116	202231	10,95%
07.05.2014	2 046 505	0	101557	5%	1739913	205035	10,02%
08.05.2014	2 221 765	0	115090	5%	1843094	263581	11,86%
09.05.2014	505 133	0	38737	8%	397323	69073	13,67%
10.05.2014	531 917	0	39646	7%	417568	74703	14,04%
11.05.2014	474 000	0	44022	9%	362653	67325	14,20%
12.05.2014	2 330 683	0	115575	5%	1947279	267829	11,49%
13.05.2014	2 594 643	0	103640	4%	2211254	279749	10,78%
14.05.2014	2 507 068	0	97893	4%	2130336	278839	11,12%
15.05.2014	2 400 714	0	86430	4%	2028172	286112	11,92%
16.05.2014	3 402 136	0	47304	1%	2835473	519359	15,27%
17.05.2014	1 092 521	0	51236	5%	902006	139279	12,75%
18.05.2014	558 324	0	39716	7%	431264	87344	15,64%
19.05.2014	2 659 386	0	99327	4%	2265392	294667	11,08%
20.05.2014	2 850 511	0	97085	3%	2453293	300133	10,53%
21.05.2014	3 244 634	0	79509	2%	2798622	366503	11,30%
22.05.2014	1 491 981	0	103088	7%	1182511	206382	13,83%
23.05.2014	1 583 510	0	111816	7%	1258320	213374	13,47%
24.05.2014	601 006	0	47968	8%	447728	105310	17,52%
25.05.2014	390 117	0	40004	10%	279848	70265	18,01%
26.05.2014	1 239 426	0	104286	8%	927830	207310	16,73%
27.05.2014	1 008 680	0	115770	11%	710480	182430	18,09%
28.05.2014	874 969	0	91931	11%	608213	174825	19,98%
29.05.2014	675 784	0	66825	10%	475459	133500	19,75%
30.05.2014	889 192	0	93667	11%	616514	179011	20,13%
31.05.2014	431 526	0	60451	14%	277029	94046	21,79%
01.06.2014	307 096	0	58705	19%	179800	68591	22,34%
02.06.2014	307 096	0	139602	45%	574092	186325	60,67%


02.06.2014	900 019	0	139 602	15,51%	574 092	186 325	20,70%
03.06.2014	843 324	0	110 639	13,12%	555 321	177 364	21,03%
04.06.2014	777 694	0	98 924	12,72%	517 627	161 143	20,72%
05.06.2014	832 351	0	98 084	11,78%	568 215	166 052	19,95%
06.06.2014	890 149	0	115 709	13,00%	596 093	178 347	20,04%
07.06.2014	222 527	0	83 902	37,70%	85 116	53 509	24,05%
08.06.2014
09.06.2014
10.06.2014
11.06.2014	1 056 188	0	99 454	9,42%	754 240	202 494	19,17%
12.06.2014	1 042 476	0	92 042	8,83%	748 449	201 985	19,38%
13.06.2014	1 053 184	0	94 443	8,97%	759 995	198 746	18,87%
14.06.2014	500 965	0	55 180	11,01%	346 275	99 510	19,86%
15.06.2014
16.06.2014
17.06.2014
18.06.2014
19.06.2014
20.06.2014
21.06.2014
22.06.2014
23.06.2014
24.06.2014
25.06.2014	1 287 016	0	94 253	7,32%	965 364	227 399	17,67%
26.06.2014	906 898	0	75 632	8,34%	653 485	177 781	19,60%
27.06.2014	1 017 260	0	100 764	9,91%	710 943	205 553	20,21%
28.06.2014	330 740	0	43 404	13,12%	206 157	81 179	24,54%
29.06.2014	247 704	0	38 773	15,65%	151 824	57 107	23,05%
30.06.2014	353 735	0	51 033	14,43%	216 182	86 520	24,46%
01.07.2014	1 108 011	0	145 267	13,11%	719 557	243 187	21,95%
02.07.2014	913 374	0	93 918	10,28%	623 925	195 531	21,41%
03.07.2014	795 341	0	82 097	10,32%	541 940	171 304	21,54%
04.07.2014	851 206	0	84 584	9,94%	586 932	179 690	21,11%
05.07.2014	418 868	0	50 629	12,09%	276 588	91 651	21,88%
06.07.2014	228 786	0	37 726	16,49%	137 813	53 247	23,27%
07.07.2014	842 475	0	91 685	10,88%	575 882	174 908	20,76%
08.07.2014	816 353	0	115 936	14,20%	536 926	163 491	20,03%
09.07.2014	852 687	0	95 052	11,15%	586 039	171 596	20,12%
10.07.2014	826 595	0	91 760	11,10%	569 335	165 500	20,02%
11.07.2014	897 242	0	91 185	10,16%	632 555	173 502	19,34%
12.07.2014	408 427	0	65 803	16,11%	257 994	84 630	20,72%
13.07.2014	205 442	0	50 441	24,55%	106 741	48 260	23,49%
14.07.2014	947 224	0	101 975	10,77%	672 959	172 290	18,19%
15.07.2014	1 113 703	0	99 812	8,96%	818 759	195 132	17,52%
16.07.2014	1 019 510	0	99 932	9,80%	738 502	181 076	17,76%
17.07.2014	872 766	0	130 945	15,00%	586 441	155 380	17,80%
18.07.2014	1 025 679	0	107 453	10,48%	739 270	178 956	17,45%
19.07.2014	528 298	0	54 951	10,40%	372 262	101 085	19,13%
20.07.2014	278 153	0	41 053	14,76%	179 176	57 924	20,82%
21.07.2014	1 093 820	0	124 525	11,38%	791 282	178 013	16,27%
22.07.2014	1 189 419	0	117 352	9,87%	881 148	190 919	16,05%
23.07.2014	1 121 458	0	130 654	11,65%	814 860	175 944	15,69%
24.07.2014	1 053 466	0	204 656	19,43%	689 446	159 364	15,13%
25.07.2014	1 216 436	0	100 462	8,26%	917 212	198 762	16,34%
26.07.2014	303 532	0	89 993	29,65%	122 456	91 083	30,01%
27.07.2014	166 264	0	55 834	33,58%	58 167	52 263	31,43%
28.07.2014	561 330	0	159 556	28,42%	231 194	170 580	30,39%
29.07.2014	583 629	0	153 382	26,28%	222 310	207 937	35,63%
30.07.2014	514 227	0	146 982	28,58%	204 703	162 542	31,61%
31.07.2014	533 848	0	152 544	28,57%	212 893	168 411	31,55%
01.08.2014	615 345	0	178 159	28,95%	229 487	207 699	33,75%
02.08.2014	292 306	0	104 290	35,68%	97 426	90 590	30,99%
03.08.2014	165 168	0	64 592	39,11%	48 465	52 111	31,55%
04.08.2014	545 721	0	184 498	33,81%	190 633	170 590	31,26%
05.08.2014	548 952	0	201 573	36,72%	141 471	205 908	37,51%
06.08.2014	588 751	0	227 586	38,66%	187 416	173 749	29,51%
07.08.2014	599 281	0	233 771	39,01%	189 676	175 834	29,34%
08.08.2014	676 828	0	269 223	39,78%	219 330	188 275	27,82%
09.08.2014	385 692	0	238 697	61,89%	47 828	99 167	25,71%
10.08.2014	209 424	0	131 401	62,74%	19 842	58 181	27,78%
11.08.2014	673 509	0	350 476	52,04%	168 446	154 587	22,95%
12.08.2014	765 571	0	448 554	58,59%	119 959	197 058	25,74%
13.08.2014	717 805	0	422 968	58,93%	111 904	182 933	25,49%
14.08.2014	702 825	0	399 019	56,77%	130 566	173 240	24,65%
15.08.2014	780 990	0	462 766	59,25%	125 291	192 933	24,70%
16.08.2014	404 133	0	254 816	63,05%	41 157	108 160	26,76%
17.08.2014	223 857	0	143 393	64,06%	15 969	64 495	28,81%
18.08.2014	851 761	0	516 363	60,62%	123 433	211 965	24,89%
19.08.2014	884 258	0	504 480	57,05%	173 042	206 736	23,38%
20.08.2014	797 517	0	412 320	51,70%	212 792	172 405	21,62%
21.08.2014	817 419	0	391 440	47,89%	240 114	185 865	22,74%
22.08.2014	1 047 824	0	297 512	28,39%	524 593	225 719	21,54%
23.08.2014	554 024	0	156 238	28,20%	272 688	125 098	22,58%
24.08.2014	264 386	0	77 121	29,17%	120 833	66 432	25,13%
25.08.2014	372 348	0	101 661	27,30%	172 175	98 512	26,46%
26.08.2014	951 317	0	251 001	26,38%	462 646	237 670	24,98%
27.08.2014	738 359	0	176 905	23,96%	356 866	204 588	27,71%
28.08.2014	689 974	0	163 194	23,65%	332 211	194 569	28,20%
29.08.2014	738 847	0	171 351	23,19%	358 281	209 215	28,32%
30.08.2014	388 879	0	99 323	25,54%	175 311	114 245	29,38%
31.08.2014	250 449	0	74 431	29,72%	102 539	73 479	29,34%
01.09.2014	753 929	0	196 277	26,03%	344 882	212 770	28,22%
02.09.2014	701 435	0	166 588	23,75%	334 893	199 954	28,51%
03.09.2014	653 860	0	152 839	23,37%	311 631	189 390	28,96%
04.09.2014	633 468	0	146 744	23,17%	302 981	183 743	29,01%
05.09.2014	691 197	0	158 829	22,98%	337 145	195 223	28,24%
06.09.2014	394 947	0	99 803	25,27%	186 220	108 924	27,58%
07.09.2014	224 622	0	65 656	29,23%	93 278	65 688	29,24%
08.09.2014	779 490	0	182 902	23,46%	383 260	213 328	27,37%
09.09.2014	795 033	0	183 134	23,03%	398 218	213 681	26,88%
10.09.2014	779 334	0	182 605	23,43%	391 522	205 207	26,33%
11.09.2014	781 446	0	185 790	23,78%	393 532	202 124	25,87%
12.09.2014	802 641	0	185 257	23,08%	405 044	212 340	26,46%
13.09.2014	406 716	0	100 759	24,77%	198 409	107 548	26,44%
14.09.2014	226 799	0	64 061	28,25%	98 583	64 155	28,29%
15.09.2014	873 024	0	204 077	23,38%	443 149	225 798	25,86%
16.09.2014	919 397	0	219 650	23,89%	470 479	229 268	24,94%
17.09.2014	868 542	0	206 211	23,74%	444 440	217 891	25,09%
18.09.2014	838 751	0	192 595	22,96%	434 338	211 818	25,25%
19.09.2014	969 944	0	216 131	22,28%	515 177	238 636	24,60%
20.09.2014	478 179	0	121 487	25,41%	237 859	118 833	24,85%
21.09.2014	257 378	0	75 045	29,16%	113 125	69 208	26,89%
22.09.2014	971 498	0	238 535	24,55%	500 072	232 891	23,97%
23.09.2014	996 795	0	260 125	26,10%	504 562	232 108	23,29%
24.09.2014	1 009 967	0	266 246	26,36%	514 646	229 075	22,68%
25.09.2014	1 013 460	0	258 490	25,51%	514 786	240 184	23,70%
26.09.2014	763 195	0	177 079	23,20%	381 968	204 148	26,75%
27.09.2014	87 231	0	5 084	5,83%	62 165	19 982	22,91%
28.09.2014	44 412	0	2 667	6,01%	30 498	11 247	25,32%
29.09.2014	175 899	0	8 375	4,76%	124 379	43 145	24,53%
30.09.2014	192 087	0	8 515	4,43%	135 763	47 809	24,89%
01.10.2014	192 888		8 419	4,36%	135 883	48 586	25,19%
02.10.2014	192 888		8 166	4,23%	117 548	39 768	25,19%
03.10.2014	161 397		8 017	4,97%	115 412	37 968	23,52%
04.10.2014	81 584		5 049	6,19%	57 157	19 378	23,75%
05.10.2014	41 423		2 632	6,35%	27 909	10 882	26,27%
06.10.2014	162 337		8 253	5,08%	114 690	39 394	24,27%
07.10.2014	172 209		8 484	4,93%	121 870	41 855	24,30%
08.10.2014	174 116		8 485	4,87%	125 005	40 626	23,33%
09.10.2014	173 825		8 526	4,90%	125 516	39 783	22,89%
10.10.2014	175 683		8 376	4,77%	127 845	39 462	22,46%
11.10.2014	88 013		5 082	5,77%	62 590	20 341	23,11%
12.10.2014	42 871		2 733	6,37%	29 094	11 044	25,76%
13.10.2014	182 867		8 582	4,69%	130 116	44 169	24,15%
14.10.2014	46 406		2 925	6,30%	30 364	13 117	28,27%
15.10.2014	191 153		8 516	4,46%	137 264	45 373	23,74%
16.10.2014	189 904		8 577	4,52%	137 874	43 453	22,88%
17.10.2014	212 310		8 663	4,04%	155 469	48 264	22,73%
18.10.2014	100 076		5 455	5,45%	72 197	22 424	22,41%
19.10.2014	46 790		2 840	6,07%	32 467	11 483	24,54%
20.10.2014	212 100		8 780	4,14%	153 177	50 143	23,64%
21.10.2014	229 272		8 735	3,81%	142 180	43 546	18,99%
22.10.2014	181 931		8 625	4,74%	133 604	39 702	21,82%
23.10.2014	171 911		8 561	4,98%	126 953	36 397	21,17%
24.10.2014	196 113		8 604	4,39%	146 935	40 574	20,69%
25.10.2014	114 560		5 736	5,01%	83 713	25 111	21,92%
26.10.2014	45 552		2 897	6,36%	31 342	11 313	24,84%
27.10.2014	184 089		8 447	4,59%	132 977	42 665	23,18%
28.10.2014	184 358		8 476	4,60%	131 536	44 346	24,05%
29.10.2014	169 332		8 476	5,01%	120 468	40 388	23,85%
30.10.2014	165 247		8 241	4,99%	117 949	39 057	23,64%
31.10.2014	197 179		8 442	4,28%	140 025	48 712	24,70%
01.11.2014	91 960		5 642	6,14%	61 621	24 697	26,86%
02.11.2014	46 406		2 925	6,30%	30 364	13 117	28,27%
03.11.2014	165 682		8 596	5,19%	116 735	40 351	24,35%
04.11.2014	158 666		8 628	5,44%	112 358	37 680	23,75%
05.11.2014	153 509		8 421	5,49%	109 895	35 193	22,93%
06.11.2014	150 799		8 292	5,50%	108 368	34 139	22,64%
07.11.2014	177 382		8 601	4,85%	129 807	38 974	21,97%
08.11.2014	100 790		5 532	5,49%	72 302	22 956	22,78%
09.11.2014	51 497		3 025	5,87%	35 420	13 052	25,35%
